0040
0040
00000 00000 00000 00000 00000 00000 00000 00000
00000 00000 00000 00000 00000 00000 00000 00000
00000 00000 00000 00000 00000 00000 00000 00000
00000 00000 00000 00000 00000 00000 00000 00000
00000 11111 11100 00000 00000 00000 00000 00000
00000 10111 10100 00000 00000 00000 00000 00000
00000 11111 11100 00000 00000 00000 00000 00000
00000 00000 00000 00000 00000 00000 00000 00000
00000 00000 00000 00000 00000 00000 00000 00000
00000 00000 00000 00000 00000 00000 00000 00000
00000 00000 00000 00000 00000 00000 00000 00000
00000 00000 00000 00000 00000 00000 00000 00000
00000 00000 00000 00000 00000 00000 00000 00000
00000 00000 00000 00000 00000 00000 00000 00000
01111 00000 00000 00000 00000 00000 00000 00000
10001 00000 00000 00000 00000 00000 00000 00000
00001 00000 00000 00000 00000 00000 00000 00000
10010 00000 00000 00000 00000 00000 00000 00000
00000 00000 00000 00000 00000 00000 00000 00000
00000 00000 00000 00000 00000 00000 00000 00000
00000 00000 00000 00000 00000 00000 00000 00000
00000 00000 00000 00000 00000 00000 00000 00000
00000 01001 00000 00000 00000 00000 00000 00000
00000 10110 10000 00000 00000 00000 00000 00000
00000 01001 00000 00000 00000 00000 00000 00000
00000 01001 00000 00000 00000 00000 00000 00000
00000 10110 10000 00000 00000 00000 00000 00000
00000 01001 00000 00000 00000 00000 00000 00000
00000 00000 00000 00000 00000 00000 00000 00000
00000 00000 00000 00000 00000 00000 00000 00000
00000 00000 00000 00000 00000 00000 00000 00000
00000 00000 00000 00000 00000 00000 00000 00000
00000 00000 00000 00000 00000 00000 00000 00000
00000 00000 00000 00000 00000 00000 00000 00000
00000 00000 00000 00000 00000 00000 00000 00000
00000 00000 00000 00000 00000 00000 00000 00000
00000 00000 00000 00000 00000 00000 00000 00000
00000 00000 00000 00000 00000 00000 00000 00000
00000 00000 00000 00000 00000 00000 00000 00000
00000 00000 00000 00000 00000 00000 00000 00000
